Episode,Reward,Action,Best_Score,Position_x,Position_y,Position_z
1,-9.916491582184015,"[345.9900378392002, 624.9991454771294, 247.24555598717754, 544.1540372413572]",26.24770911306039,0.4145684631738073,-0.014914704031856763,0.0
2,-10.96179482721738,"[419.97117752387163, 521.0437114969138, 260.1489700569604, 402.9831714229877]",26.24770911306039,0.32611110347344185,0.4938184620133451,0.0
3,-10.036150579434619,"[200.56280935032567, 544.4720070200767, 189.05725276895285, 260.42250712272806]",26.250557711320166,0.3241726118799064,0.08870749094450987,0.0
4,-4.082960949660626,"[52.74039409221495, 140.17998205092866, 62.61654058417859, 266.58645885308306]",28.812727219530057,0.2347162851466522,-0.09173942858673187,0.0
5,-3.9219139038989566,"[283.18368620994335, 319.08876428194543, 298.8206335061764, 322.9594520269022]",28.812727219530057,0.007009327280047574,-0.3493027151959547,0.0
6,2.7089211021921713,"[0.048866562904570476, 312.51251157311543, 1.021010995443512, 0.8947193315622644]",28.812727219530057,0.0034195774510626204,7.1838098869437686e-06,0.0
7,-2.981821652939063,"[-0.8741690525223405, 900.4449969042985, -0.12408608878751853, -0.2467255008088857]",28.812727219530057,0.050700903343026654,-2.922254474816918e-06,0.0
8,-8.444993031233993,"[-0.27035898110988876, 899.5037411453944, 0.45198321208788067, -0.3339476589290128]",29.13417147647005,-0.5682731108982843,9.231371212531699e-08,0.0
9,-8.466676735432397,"[-0.1796526669557552, 898.6089804310532, 0.41923760979187596, -0.034535266326533226]",29.13417147647005,-0.5713788199925234,-3.430897237436704e-07,0.0
10,-8.737873717623176,"[0.7734768382293925, 899.4716070736949, -0.28874720322716996, 0.1424193332418585]",29.13417147647005,-0.5888310224418659,-3.0364900148518484e-07,0.0
11,-8.691174210063087,"[0.5322905571687604, 900.3417338908623, -0.26507862879444866, -0.061872670343097264]",29.13417147647005,-0.5841147861167548,-3.677977543094122e-08,0.0
12,-8.441676774967167,"[-0.8604116385541113, 900.1620516137342, 0.13674062649475635, -0.1219309603442571]",29.135608644828373,-0.5680730289097441,2.231357588077794e-08,0.0
13,-8.485762022499244,"[5.049439686019426, 894.8702788617251, 3.5399076750985397, 3.150827744806104]",29.135608644828373,-0.5746184851527648,5.875148267003249e-07,0.0
14,-8.24995998059065,"[4.588037258673854, 895.0214154521008, 2.814954076433498, 2.5320498321715883]",29.19030133509574,-0.5550820103775322,5.355523869539426e-07,0.0
15,-8.571171750346968,"[-0.3534189049298967, 899.5327515369002, 0.06013526381199169, 0.8143594629902813]",29.19030133509574,-0.5774187159792952,-8.314608250180751e-07,0.0
16,-8.57834138652738,"[-0.3933116244996074, 900.2938449376616, 0.03119486313636477, 0.07799943540797427]",29.19030133509574,-0.5791195351790219,-9.092909906094703e-08,0.0
17,-8.453791032790072,"[-0.0946411649407273, 899.8779289563053, 0.04859178995175706, 0.010334841182190108]",29.19030133509574,-0.5695259442689692,-3.1249845843783953e-07,0.0
18,-8.459898728535132,"[0.3940214035379908, 900.0293434404459, 0.5862411660829618, -0.6061462115287037]",29.19030133509574,-0.5704649005134014,1.5733466952176575e-07,0.0
19,-8.740551344026365,"[-0.23284681076334418, 899.8717143940345, -0.9194171928533001, 0.2088889645720187]",29.19030133509574,-0.592298161013518,-5.372517245775919e-07,0.0
20,-8.475433563988599,"[0.043109038574411736, 900.5027247728608, 0.4689268074607696, 0.33483726112597645]",29.19030133509574,-0.571009818060934,4.070528286246091e-07,0.0
21,-8.612718050860035,"[-0.1515221928800497, 900.1903288646778, -0.44829586407319494, 0.054236135388027795]",29.19030133509574,-0.5786437393485055,8.565303291659022e-08,0.0
22,-8.553716709672154,"[-0.08017261963217753, 899.1075979159992, -0.48436651519969975, -0.38710714393405077]",29.19030133509574,-0.5783349607477868,-4.948663019143699e-08,0.0
23,-8.612307812453835,"[-0.05577904709922232, 899.056066555937, -0.01954942903314104, 0.010976385377789527]",29.19030133509574,-0.5810394734487467,2.7445079983882955e-07,0.0
24,-8.877035156478591,"[0.2309139628229252, 899.1429675493393, 0.6675707423257119, 0.3697856717486619]",29.19030133509574,-0.5964511935766622,-3.407488782893006e-07,0.0
25,-8.856455018950872,"[-0.08611567181299781, 900.2252154716343, 0.46325908170362073, -0.1987248910131459]",29.19030133509574,-0.5961751047822633,-8.18589845752687e-08,0.0
26,-8.814155154532033,"[-0.37205377905163456, 900.0839569954583, -0.046792162165919415, 0.2664057275796303]",29.19030133509574,-0.5926755272543047,-1.811761403804415e-07,0.0
27,-8.696528604506296,"[0.103312502638393, 900.1730930205102, 0.4790717380257459, -0.15296595399496205]",29.19030133509574,-0.5822410018921373,1.111212605307479e-07,0.0
28,-8.652339374936084,"[0.2980854348760895, 899.697118095765, -0.4869228327824296, -0.0036501050063460494]",29.19030133509574,-0.5816962186802269,5.8184296469902786e-08,0.0
29,-8.395765146784658,"[-0.09074915329924366, 899.9967561197232, -0.15257566267552952, -0.005380285264664164]",29.19030133509574,-0.5664936370217923,-4.910025601901203e-09,0.0
30,-8.56847243079025,"[0.20757711984679908, 899.9922203640283, 0.10905358818851976, 0.42167715329674815]",29.19030133509574,-0.5786387602012026,-2.9777809069935007e-07,0.0
31,-8.632157919506959,"[0.37884078533292015, 900.3904297557137, -0.6532384288958879, 0.24803194397296285]",29.19030133509574,-0.5808314656579665,-1.612871174786173e-07,0.0
32,-8.781588298697784,"[0.13611501722967007, 900.0598801607023, -0.5687836726366701, -0.00016432666765481274]",29.19030133509574,-0.593343550932239,1.4111628703675338e-07,0.0
33,-8.396432654536063,"[0.3109943606730044, 900.2224363119186, 0.08254056549582017, 0.6686065992185948]",29.19030133509574,-0.5676239030279625,-3.785137168730914e-08,0.0
34,-8.557249025719514,"[0.659065322760369, 899.7786413074044, -0.7891319154257667, -0.43064799973549844]",29.19030133509574,-0.5779055427248573,-1.5863813071177946e-07,0.0
35,-8.444843453372664,"[-0.3928594516891264, 899.7078128749802, -0.005836442318549351, 0.1554404382766623]",29.19030133509574,-0.5690489310509176,-1.5909288148056385e-07,0.0
36,-8.541499571757006,"[-0.6419135363377921, 899.1278053046846, -0.48479170500457747, -0.14987725447742717]",29.19030133509574,-0.5791484092925271,2.1039538342284384e-07,0.0
37,-8.499846180512009,"[0.7551316378647291, 899.7689778192399, -0.2190613689632607, -0.13458529924188034]",29.19030133509574,-0.572125568224029,4.908863487924606e-07,0.0
38,-8.7663364057769,"[-0.24810650466514472, 900.0341469514615, -0.08523158924028516, 0.013790928126023935]",29.19030133509574,-0.5902121301524869,2.319689898403827e-08,0.0
39,-8.956715153256805,"[-0.32154203242630863, 899.588822976157, -0.5963508492262133, -0.6925536639429584]",29.19030133509574,-0.6017734173199003,1.0625830473374227e-07,0.0
40,-8.744328969909532,"[-0.8279167790754148, 900.6315785103453, -0.13619975007481272, -0.4085092182013775]",29.19030133509574,-0.5898628231095945,-7.001984965476751e-07,0.0
41,-8.787694978396782,"[0.08624219559174191, 900.6399327527216, 0.09511497567408989, -0.29196198248219773]",29.19030133509574,-0.5920005008862109,9.576194309540207e-08,0.0
42,-8.461603341011562,"[0.12058893075143824, 900.1478517132086, -0.21414226217997462, 0.07512087454866355]",29.19030133509574,-0.5732477861306918,2.259930735042814e-07,0.0
43,-8.66442639333004,"[0.02189825041168953, 899.7724712754684, 0.5661344289297445, -0.2887238024276474]",29.19030133509574,-0.5840823133932166,1.950283557182367e-07,0.0
44,-8.608330486541304,"[-0.15145624501499244, 899.9786391826592, -0.01617133738385071, 0.23264913752056016]",29.19030133509574,-0.5801085373707172,-2.1891620291059633e-07,0.0
45,-8.595743222969084,"[0.4771763585242738, 899.6243165542078, -0.5756645581213697, 0.15180423637940388]",29.19030133509574,-0.5793794317465912,1.1813087361125451e-07,0.0
46,-8.455013631201158,"[0.5722561806398072, 900.6379374140242, 0.3744272747890532, -0.14853969202480188]",29.19030133509574,-0.5695242326093329,3.764918980142898e-08,0.0
47,-8.565060235296103,"[-0.37277986054403855, 900.1200458007297, 0.30438696641616225, 0.1591934076378175]",29.19030133509574,-0.5778746694418047,-3.731714057396743e-08,0.0
48,-8.483502886679636,"[0.7405347267573481, 899.4079638048718, -0.05334802855750492, -0.025308160539871512]",29.19030133509574,-0.5717128700276044,-1.5073662441073715e-07,0.0
49,-8.729572909714111,"[-0.11927007010997959, 899.2594788844909, -0.07971415753267325, 0.48785789210831865]",29.19030133509574,-0.5886335197024184,1.0682028125190927e-07,0.0
50,-8.586478803457084,"[-0.46691022020180717, 899.1521804590486, 0.1754413359026748, 0.2771378034011631]",29.19030133509574,-0.5784433479960668,2.0180704907507358e-07,0.0
51,-8.818286530257128,"[-0.0799253893580298, 900.3293559638388, -0.22332469318694154, 0.49207742032293617]",29.19030133509574,-0.5918400039646999,3.6259609878833013e-07,0.0
52,-8.56440732173374,"[-1.1246611927226895, 900.7265251850828, 0.2482735551024938, 0.153916895082983]",29.19030133509574,-0.5756680329986889,5.0944083213908e-07,0.0
53,-8.779706708616878,"[-0.1651663745488391, 899.5689843796455, -0.9993475097176774, 0.49836671741832383]",29.19030133509574,-0.5932513292086831,-1.0042889697324183e-07,0.0
54,-8.440967229017605,"[-0.34473179397644915, 899.7344784041285, 0.01254480395995583, 0.015575272504957743]",29.19030133509574,-0.569024665425293,2.546564808721301e-07,0.0
55,-8.491370714694643,"[-0.5055923186844621, 899.1885934575996, -0.0364530445567946, 0.273887387344045]",29.19030133509574,-0.5743269859723831,-4.915397398457833e-07,0.0
56,-8.707132818033784,"[0.31204141347436615, 900.0342170208037, 0.33451314183637904, 0.6824677808974065]",29.19030133509574,-0.5849627944233424,-1.8805954364942147e-07,0.0
57,-8.59673611778989,"[0.22845486146963467, 899.4055718725696, 0.31438903204086666, 0.21240488276263025]",29.19030133509574,-0.5805428827492777,-1.1428004489076108e-07,0.0
58,-8.60130404028932,"[-0.10259931107349238, 900.1245691227331, 0.28716826807718193, -0.5600006784314173]",29.19030133509574,-0.5799469463335034,2.101615422159659e-07,0.0
59,-8.980623064740845,"[0.060614473892419196, 900.2476160998642, 0.051017595803902666, -0.2844536629424554]",29.19030133509574,-0.6033301738178402,-1.5284206348789355e-07,0.0
60,-8.629503144052535,"[-0.16041761368260188, 900.0631143745497, 0.6148766024239557, -0.5012257450904749]",29.19030133509574,-0.5855034596144445,-2.660013150740086e-08,0.0
61,-8.521249273120468,"[0.38439554365389017, 900.5688473222131, -0.08318029168096136, -0.6928990971201754]",29.19030133509574,-0.5753174563350116,1.4181567720902367e-07,0.0
62,-8.81470324469446,"[0.06484509418779053, 899.8374441903406, 0.37177959087129336, -0.27997929782167486]",29.19030133509574,-0.592542465302258,7.102016025031767e-08,0.0
63,-8.808633370462747,"[-0.5460653091299312, 900.1985556077209, 0.124280448148432, 0.18014266015334818]",29.19030133509574,-0.5934845819162996,1.1821751051533261e-07,0.0
64,-8.627270892441551,"[-0.4812019300691305, 899.6507390937276, -0.26744748931870393, 0.9936368535092996]",29.19030133509574,-0.5814360736705247,-3.2160235451913224e-08,0.0
65,-8.734891765264198,"[-0.7068772484060485, 899.954589546762, 0.062252696705325905, -0.21704642686434572]",29.19030133509574,-0.5896929180344114,-3.0642813161100355e-08,0.0
66,-8.51824553361009,"[-0.2414289703296734, 900.1700837370537, 0.2668079222146752, -0.48058423031766306]",29.19030133509574,-0.5771398377106249,-5.723324575334256e-07,0.0
67,-8.81582265755377,"[-0.5432087848657943, 899.59917206128, -0.6390423115602366, 0.366259914209812]",29.19030133509574,-0.5935591964053797,-2.578818452062059e-07,0.0
68,-8.72777005076976,"[0.36697613422905223, 899.891181131154, -0.40921715059656005, -0.15935993910854368]",29.19030133509574,-0.589531483363357,-2.069897151109972e-08,0.0
69,-8.94881688227021,"[-0.1907686362026027, 900.3533557963757, -1.0452899384085046, 0.5036787342143525]",29.19030133509574,-0.601212507960602,-6.634818797044606e-07,0.0
70,-8.675137658969447,"[0.48852775362836537, 900.2514910610222, -0.20770491831977458, -0.2564773263231826]",29.19030133509574,-0.5869357716875877,-1.529201798778127e-07,0.0
71,-8.803383972977375,"[0.26965417325094015, 899.735601686955, -0.16553954653587633, 0.11830246197886385]",29.19030133509574,-0.5930335389347229,-2.564720565110774e-07,0.0
72,-8.397660766018186,"[-0.38892265721549724, 899.2499694157848, -0.3380449395641412, 0.3254857708284939]",29.19030133509574,-0.5686997679629325,-5.617709109715459e-08,0.0
73,-8.693724841429612,"[0.009769033954462436, 900.5153876259018, -0.03075493383192468, 0.10429879773543269]",29.19030133509574,-0.5846151345411187,-1.0002658772695553e-07,0.0
74,-8.792970561456283,"[-0.2539212268724199, 900.0471982717647, -0.17881077312029708, 0.11410184806260558]",29.19030133509574,-0.5905979886726825,1.743872363492386e-07,0.0
75,-8.632652366314499,"[-0.7360347087492547, 899.2461161804575, -0.053097071343556984, -0.3898948879380858]",29.19030133509574,-0.5843448574597884,4.380893771941119e-07,0.0
76,-8.476298473317307,"[-0.06545484679004611, 900.2505410477468, 0.3475092643574922, 0.014349036844913815]",29.19030133509574,-0.5722500723580548,5.712418687403985e-09,0.0
77,-8.499875301479904,"[-0.6205633878362595, 900.1395354138756, -0.029049703954725822, 0.00385071098056855]",29.19030133509574,-0.5733157262172093,-5.631931949254634e-07,0.0
78,-8.827359833872244,"[0.2376178273234663, 900.2331930931416, -0.5091039565270478, 0.8498221638072668]",29.19030133509574,-0.5938900789576279,1.3693499766117906e-07,0.0
79,-8.589152067750696,"[0.2202667846711826, 899.8770983821526, 0.18599579598966293, 0.6935456490265581]",29.19030133509574,-0.5802575767587523,4.900532392237937e-07,0.0
80,-8.880442566575823,"[-0.13938217981723267, 900.2665044306017, 0.11042403100129222, 0.9960524187443776]",29.19030133509574,-0.5982129358833738,9.762326371906902e-07,0.0
81,-8.675602807472263,"[0.644297239163914, 900.2459470515844, 0.017959292864350135, 0.04080082016859515]",29.19030133509574,-0.5847754435471798,-3.718826820359092e-08,0.0
82,-8.66969392326331,"[-0.016356765583375933, 899.3950058535804, 0.35067136733127957, 0.34297933200830316]",29.19030133509574,-0.5849420233652234,2.383526788122032e-07,0.0
83,-8.597396229206831,"[0.36269622975006033, 899.2110476906664, 0.7407369932308854, -0.5149533705799301]",29.19030133509574,-0.5809529129863412,-2.626420171435954e-08,0.0
84,-8.517764408707707,"[0.8777984185097214, 900.272105928165, 0.041469250335727015, -0.2720237913174756]",29.19030133509574,-0.5740912855738879,4.2747056599572867e-07,0.0
85,-8.562474923125137,"[0.2032468447603809, 900.0935112965113, -0.09496350404692244, -0.10252387452939388]",29.19030133509574,-0.5777022509801568,-2.3743159227545907e-07,0.0
86,-8.73211432342175,"[-0.45469406209527286, 899.8676524135279, 0.12217091743840938, -0.2612490347376982]",29.19030133509574,-0.5899349771736764,-2.475605384213629e-07,0.0
87,-8.634994759516776,"[-0.6986662667716113, 899.5888706502834, 0.15925103147039746, -0.19729707524494985]",29.19030133509574,-0.582182672464292,3.989042849977805e-07,0.0
88,-8.841754661747991,"[-0.34904102963832606, 899.7858134806469, -0.2769435983431377, 0.0632267327351006]",29.19030133509574,-0.5969409360580202,1.5168646406504505e-07,0.0
89,-8.995761949169198,"[-0.7089003249367194, 900.1827001201456, 0.533418620947415, 0.29407305137660167]",29.19030133509574,-0.6046353894716467,1.0966487903690108e-07,0.0
90,-8.648233120542269,"[0.46794863888150967, 899.7571531237759, 0.3802556618777724, 0.09239582306813474]",29.19030133509574,-0.5845314676187765,2.107079045966062e-07,0.0
91,-8.383457547894793,"[-0.45804074341069856, 899.348681069893, 0.04155254180615466, 0.3156570659191503]",29.19030133509574,-0.5677282267045208,-2.639632658766683e-08,0.0
92,-8.901354216625855,"[-0.34230203551370725, 899.9765701261987, 0.4405491366926728, 0.21711143388045903]",29.19030133509574,-0.5972637538345145,2.7195999910238644e-07,0.0
93,-8.96938481622044,"[0.6587342568414855, 900.7952647438459, 0.1702444114731798, 0.27730274285260004]",29.19030133509574,-0.6029561878960711,1.385072375512743e-07,0.0
94,-8.632647359801187,"[-0.4904062832511777, 900.3719862783121, 0.16423329717597177, 0.37277829920301253]",29.19030133509574,-0.5798457076710832,1.1374189842128303e-07,0.0
95,-8.690064707416425,"[0.38642112826120034, 899.9681748206997, -0.3537167768422854, 0.26282623313022446]",29.19030133509574,-0.586877231960501,-4.850900947887023e-07,0.0
96,-8.446207163724502,"[-0.15527820594504427, 900.0575960381638, 0.47299952193253775, -0.19651478506348044]",29.19030133509574,-0.5708847925084931,-4.135504473072745e-07,0.0
97,-8.481736641036772,"[-0.5499726014592946, 900.1209825731353, 0.10839892372227442, 0.16719339399496927]",29.19030133509574,-0.5741260648893576,2.894108579848878e-07,0.0
98,-8.58447290677774,"[-0.5691564243456726, 899.3854576586168, 0.0655392023604277, 0.22587178549382708]",29.19030133509574,-0.5773936165768812,-1.2202978948907126e-07,0.0
99,-9.040066369156461,"[0.535346214322101, 899.4326030262818, -0.08382301345938284, 0.3347115369654278]",29.19030133509574,-0.6071743582945434,-5.524229075707358e-07,0.0
100,-8.649972263632455,"[0.4984976155896992, 900.201879817662, 0.2311705879629217, -0.5614041154001518]",29.19030133509574,-0.5826714088947602,-9.601229565928862e-07,0.0
101,-8.90846795958149,"[-0.25803577261254274, 900.0109219448859, 0.2753900896289056, 0.11507506362210512]",29.19030133509574,-0.5990654621865926,-4.986599584797371e-07,0.0
102,-8.595261577909854,"[-0.40391141527011987, 899.2198402528307, -0.10328755168542675, -0.4802397484415326]",29.19030133509574,-0.5797703718079258,-2.95197816517202e-07,0.0
103,-8.350642750949746,"[0.21705063615587172, 899.7700356669936, -0.8842198778688904, 0.16104594821907436]",29.19030133509574,-0.5649365403166554,-7.39946694603773e-08,0.0
104,-8.42099621508315,"[0.7025008654861602, 899.9664064196949, 0.03357130218598603, -0.40869148603133754]",29.19030133509574,-0.5701399865550534,-1.0914387332319217e-06,0.0
105,-8.315646380684257,"[0.11499502034062516, 899.5559861141604, 0.5266726693032756, -0.40856000839131323]",29.19030133509574,-0.5579808950819382,-3.343952696203654e-07,0.0
106,-8.48302849336794,"[0.16334483008886927, 899.6149229414787, -0.16567835489648047, -0.16656237676464775]",29.19030133509574,-0.5704184850138141,-7.310965084400453e-08,0.0
107,-8.578486616891698,"[-0.2527906344377773, 900.0102329969362, 0.08584970823133331, 0.5107882231099266]",29.19030133509574,-0.5778411114690981,1.8975924188241597e-07,0.0
108,-8.469835558586976,"[0.15207192232757166, 900.2560917533733, -0.4700214873072325, -0.8182349184505834]",29.19030133509574,-0.5702618890663431,6.441193177583397e-07,0.0
109,-8.384333846989932,"[0.4540985897462826, 899.9585988519923, 0.36331088427256497, -0.670204579943329]",29.19030133509574,-0.5641108739421513,-3.117527675722585e-07,0.0
110,-8.414360816547848,"[0.015341149678150534, 899.9409298896853, -0.15835472295843375, -0.0693078758592061]",29.19030133509574,-0.5688618042559942,9.886550955405412e-08,0.0
111,-8.406033924185742,"[0.43751812715853755, 899.616575029362, -0.020410185164926258, -0.045707060703893354]",29.19030133509574,-0.5684199304128703,-2.201737581619667e-07,0.0
112,-8.325942217447281,"[-0.5007035651275102, 899.9239916765201, 0.3870943430445951, -0.19104999513460252]",29.19030133509574,-0.56122478697751,7.451326935124008e-08,0.0
113,-8.78263927500065,"[-0.15525773612567242, 900.2328469551842, -0.2186476203829768, -0.46891730931638426]",29.19030133509574,-0.5875129444711629,-4.0193197224467077e-07,0.0
114,-8.124707536343674,"[0.8107921716784552, 900.1905695578531, -0.042181212373303204, -0.42531508582810973]",29.225880815068376,-0.5497869985376568,1.6807053386993806e-07,0.0
115,-8.580451078535877,"[-0.4600772301542292, 899.6117009235006, -0.2503630453842666, 0.30768410346339103]",29.225880815068376,-0.5815290889804476,-8.547153693102263e-08,0.0
116,-8.349582006062038,"[-0.7987231912816548, 899.5231323965087, -0.21211157705467976, -0.22055028635608384]",29.225880815068376,-0.5646749015310806,-2.0809457671904403e-07,0.0
117,-8.36516876941618,"[0.19446144956729847, 900.0448218146848, -0.24205787921111566, 0.28651805169514827]",29.225880815068376,-0.5662140737518867,3.9191119258282215e-07,0.0
118,-8.63153411859992,"[-0.1351317689079171, 899.6359632323888, -0.2290938052534032, 0.3917373383907737]",29.225880815068376,-0.5808983914148182,-9.891065733758518e-07,0.0
119,-8.888369535012558,"[-0.07283652805976126, 900.4799598910587, -0.26641594447339584, 1.115373818975839]",29.225880815068376,-0.5977059561470798,-1.7251572002665943e-07,0.0
120,-8.74585638401478,"[0.39375391931045156, 900.2641188859179, -0.29601652262215017, -0.21031620202398166]",29.225880815068376,-0.5879538997449332,-1.9880409225632474e-07,0.0
121,-8.826328358664124,"[2.8960085111804825, 897.563985080264, 2.200497332064314, 888.3684878640667]",29.225880815068376,-0.5097024575709769,0.06630309795713436,0.0
122,-1068.195922334746,"[-0.04302864336726803, 900.1992512256785, -0.033400540214397645, 899.8438291126943]",29.225880815068376,-3.1805417486439187,14.89611265825308,36.35892663198307
123,-835.4252619180405,"[0.36916742489248483, 0.15276393576842645, -0.19120358545076432, 900.0656966397881]",29.225880815068376,-1.6647968246290583,12.64674496567606,22.237747689216537
124,-9.41471193784309,"[0.01448824415968894, -0.07093857848956764, 0.31440072830025745, 899.3828217209802]",29.225880815068376,1.2474806352088167e-05,0.6039723671784861,0.0
125,-9.115699794655846,"[-0.09893515203192237, -0.0926167501005595, 0.02491510094975563, 900.1207238175435]",29.225880815068376,1.3417886678580794e-05,0.5857446377470681,0.0
126,-9.28185963560578,"[0.4353885464124931, -0.4962339150890539, -0.8052848718130436, 900.1288229744664]",29.225880815068376,7.688371111495783e-05,0.5937464019489459,0.0
127,-9.259493318972694,"[0.9348071641153773, 12.672131110803608, -0.06131544031312036, 899.9737862718047]",29.225880815068376,-3.15921363575016e-05,0.5950668308927208,0.0
128,-9.037872847707442,"[-0.0927131133332067, 0.3193138247435472, -0.4539267910761668, 899.9583354952205]",29.225880815068376,7.804248826355528e-06,0.5789058148677969,0.0
129,-9.202290003577984,"[0.6355519743898841, 0.0021464339884115363, 0.17210909768330795, 899.6848729440394]",29.225880815068376,2.940128301788849e-05,0.5907077418254972,0.0
130,-9.069594395265776,"[0.021142563557006736, 0.14219210099047558, -0.02978086111733791, 899.3809069687477]",29.225880815068376,4.752878919953795e-05,0.5836841582849033,0.0
131,-8.743172525365562,"[-0.22087581950964674, 14.525362328921503, -0.3091925184460691, 899.9876138201378]",29.225880815068376,2.304066968692158e-05,0.5593978466501394,0.0
132,-9.125894745893463,"[0.2808730401951744, 12.239191872891455, -0.06792912941941617, 899.3592289500068]",29.225880815068376,-8.50103584793479e-06,0.5862952521682174,0.0
133,-9.197735112218123,"[0.22668545631492554, 8.996359692635462, 0.8108921670211269, 899.7262549151768]",29.225880815068376,-8.465668480339201e-05,0.5941426304019373,0.0
134,-8.890208164961651,"[0.5085418786048648, -0.45935088706103533, -0.39324558755483746, 899.6660799849805]",29.225880815068376,5.930755399840764e-06,0.5693238510916261,0.0
135,-9.086926140948789,"[0.12015986980414503, 6.8546998344453955, -0.31989751247858034, 899.5849078045654]",29.225880815068376,-4.1465295005578787e-05,0.5828583784459551,0.0
136,-8.7378782580541,"[-0.23900799434853265, 0.2791513273516147, -0.145468451780281, 899.5851840196228]",29.225880815068376,5.847807612891838e-05,0.5637623471565807,0.0
137,-8.996831554359739,"[0.6092310468487946, 4.68410008497395, -0.016575606050149017, 900.1915544531499]",29.225880815068376,-6.481859951023723e-05,0.5804150649507315,0.0
138,-9.064515151067788,"[0.3973049761284364, 0.24017750145303912, -0.4411131037417738, 899.6183213309604]",29.225880815068376,3.683130895426421e-05,0.5823161093713419,0.0
139,-9.105136912940292,"[-0.46960096479466856, 0.06934123096493329, -0.3709251866376189, 899.960347490763]",29.225880815068376,0.00011873138080602019,0.5862250107639219,0.0
140,-9.107480355445894,"[0.30649296540283766, -0.05875785567290525, -0.03481832308927757, 899.6833624521857]",29.225880815068376,1.9759932567761835e-05,0.5858590485038032,0.0
141,-9.103399194948391,"[0.3123515923666519, 0.6900245062805421, 0.3578744482809255, 899.7279510995759]",29.225880815068376,2.1599690843187857e-06,0.5871959928276952,0.0
142,-9.190689138521234,"[-0.04925620323524407, 0.10380290490938124, -0.15444063213926565, 900.1693398888591]",29.225880815068376,-1.162348591623024e-05,0.5890966068773594,0.0
143,-9.029858891488693,"[0.08082028974225797, 3.01377856990273, 0.14980061444115209, 899.9976904130804]",29.225880815068376,-9.257883426050939e-06,0.5812273989012314,0.0
144,-8.859445706968454,"[-0.17128102395326775, -0.3098383867556921, -0.23341734573743583, 899.9456839473268]",29.225880815068376,6.501941946932757e-05,0.5692169512331928,0.0
145,-8.874057873731884,"[0.05500120448482852, 3.1292509132940873, -0.0934382747814555, 899.4553815948022]",29.225880815068376,2.753492750954224e-07,0.5691635069038711,0.0
146,-9.002858679298988,"[-0.24526877464864377, -0.17374399449725186, -0.4408354923705786, 900.6245313205739]",29.225880815068376,9.839615855536746e-06,0.5781285383604051,0.0
147,-9.008348763046545,"[-0.14568647438001273, 2.1480306765768065, 0.02217640218301964, 899.9032863383663]",29.225880815068376,-2.380852830103559e-05,0.5795344962303055,0.0
148,-9.10612282845782,"[-0.07126775167629386, 2.2013847451379043, 0.002057181862272675, 899.9025491524901]",29.225880815068376,-9.629642607605798e-06,0.5870655617976595,0.0
149,-9.250996364344644,"[0.4510472843127734, 2.3621157817239653, 0.521032406404406, 900.6715437926666]",29.225880815068376,-1.2953750739340853e-05,0.5939657487815844,0.0
150,-8.913016322608243,"[-0.3864260096278511, 0.12207509726193107, -0.07872084293874024, 900.5156701371961]",29.225880815068376,8.635304199182137e-05,0.57258352383917,0.0
151,-8.99642051506634,"[-0.44454738325143067, 0.33388943547271965, -0.5123157936075231, 900.3249176729954]",29.225880815068376,6.56568389348997e-06,0.5771347182274063,0.0
152,-9.097156278210115,"[-0.6553815756558834, 0.3714518579751227, 0.11507187576625033, 899.5979724167552]",29.225880815068376,1.5331222870067503e-05,0.5836273274372019,0.0
153,-8.856958956608159,"[0.1835926609388301, 0.2475109714040938, -0.643016566436757, 899.7390842937872]",29.225880815068376,1.3296171150159425e-05,0.5673480284235917,0.0
154,-8.871260199423334,"[0.2675719122106704, 1.8015843715567248, 0.09277303490257616, 900.7170385286266]",29.225880815068376,-6.583102954893325e-06,0.5712288311818994,0.0
155,-9.313842253309897,"[0.47170407445500934, 1.0370694692480167, -0.2994589273353363, 899.933191801751]",29.225880815068376,-1.3461233464387375e-05,0.5982420449113989,0.0
156,-9.077597766188806,"[-0.17871663327165374, 1.3542154086326044, 0.6797413070435535, 899.106401284168]",29.225880815068376,-4.311703635562691e-05,0.5842868046993512,0.0
157,-9.035356539610373,"[0.22915223698409065, 0.13590678352908833, -0.10512460733459246, 899.7145605386268]",29.225880815068376,2.7049416327833314e-05,0.5784872105073174,0.0
158,-9.410509783732845,"[-0.4634181662516172, 1.2084036803486824, 0.01824264725100949, 900.2543904911427]",29.225880815068376,-1.2329729979048805e-05,0.6051339102163295,0.0
159,-9.165789786263456,"[-0.08008794988694665, 1.2519321664706555, -0.3704594218604297, 900.0980054302188]",29.225880815068376,-5.007739452915249e-05,0.5890508406057021,0.0
160,-8.915297278825447,"[-0.552827270092951, 0.17792573600674177, -0.11283692453824917, 900.0571757685049]",29.225880815068376,8.057501425179409e-06,0.5744172313324295,0.0
161,-9.092093829360337,"[-0.4487325353241486, -0.2633889030940205, 0.27777145797897007, 900.3722748511797]",29.225880815068376,3.863322435500672e-05,0.5840997354123836,0.0
162,-9.360548215631582,"[0.32852484985506714, -0.053139351407377466, -0.6857093284357989, 900.2664067792243]",29.225880815068376,1.6017201852971687e-05,0.5994354650998552,0.0
163,-9.304234605364552,"[-0.20419783891449922, 1.4390577877123816, -0.06560958005031914, 899.7365461846358]",29.225880815068376,-2.9326669750197905e-05,0.5951758526775471,0.0
164,-9.263818602108177,"[0.20336965031698506, 0.39466976194658965, 0.6214837057715521, 900.207233419464]",29.225880815068376,5.829032113725274e-05,0.5948038942450656,0.0
165,-9.133705256176736,"[0.30379125063772444, 0.5894592418995597, -0.5115704250689493, 899.4691565822898]",29.225880815068376,-3.747585060425357e-05,0.5884127363027031,0.0
166,-9.161294757559498,"[-0.5669753218154808, 0.26470244269368437, -0.30694225276087717, 899.5097639110969]",29.225880815068376,1.0670157859657344e-05,0.5881491216388454,0.0
167,-9.348085652278222,"[0.03163706579740461, -0.12133312776709537, -0.10223921546531745, 899.950172114926]",29.225880815068376,4.5313958424249644e-05,0.5997012857209396,0.0
168,-8.992507036750764,"[0.2758240058281398, 1.473095077276066, 0.8881640904082501, 899.7571591583276]",29.225880815068376,-6.703768881365076e-06,0.5728939432114538,0.0
169,-8.967813717844985,"[-0.007626633058614329, -0.19857604305956778, 0.16937928830997487, 900.2520201421913]",29.225880815068376,3.916101747630804e-06,0.57391891338961,0.0
170,-9.20020488791826,"[0.14029886606151232, 1.043702089815516, -0.022460478004122778, 899.8267442875824]",29.225880815068376,-1.8933413210899538e-05,0.5901069580020284,0.0
171,-8.999687269126436,"[-0.2113424706080454, -0.12060127082034675, -0.14450114247675228, 900.1831781508146]",29.225880815068376,5.917970208176226e-06,0.5768875166435479,0.0
172,-9.330304074365838,"[-0.6440674093874131, 0.6026204530633354, 0.1672413821264247, 899.4625136462995]",29.225880815068376,8.95194814183014e-05,0.5976579504250839,0.0
173,-9.198056322538328,"[-0.5302585659985494, 0.771611488356225, 0.345541754844953, 900.0214403783048]",29.225880815068376,-1.2234499911310983e-05,0.5935911021178614,0.0
174,-8.978443759929103,"[0.6174796084385636, 0.3177297257154902, 0.3013462398471126, 899.7256521792351]",29.225880815068376,5.5978444375314905e-06,0.5754292014472355,0.0
175,-8.747416405378647,"[-0.5311625827024494, 0.8418419025968927, -0.0005887097935625141, 900.4582935656009]",29.225880815068376,4.208094549396761e-06,0.5618513818132516,0.0
176,-9.02200836800503,"[-0.10277100484067839, 0.2764142826248138, 0.06924543962758768, 899.9981091196646]",29.225880815068376,2.5953636064049247e-05,0.582451371774252,0.0
177,-9.129607320374182,"[0.7449273213903191, -0.5557031775251466, 0.2799010471987031, 899.6619950976755]",29.225880815068376,8.138211227970943e-05,0.587693606628632,0.0
178,-8.958658027616956,"[0.3727918237328902, -0.095181921681888, 0.1841161914433963, 899.5398935808628]",29.225880815068376,0.00023803413454656958,0.5748193681542019,0.0
179,-8.984746902396012,"[-0.3146217917070069, 0.5967876168445532, -0.18689697692020024, 900.4614031125947]",29.225880815068376,2.397833923421189e-05,0.5767784337887957,0.0
180,-9.02762194542798,"[-0.21707321032278598, 0.07007484630414443, -0.4603671116510712, 900.2298614941179]",29.225880815068376,1.4623784122288454e-05,0.5815544254697004,0.0
181,-9.071437507550467,"[-0.5855702059339064, -0.3631372178970969, 0.39250575851190245, 899.3024191549264]",29.225880815068376,1.644387919142269e-05,0.5821138467899498,0.0
182,-8.938331509453278,"[-0.20559094626847077, 1.2835524523861435, 0.49193288396395096, 899.293484955951]",29.225880815068376,-3.5076745696821526e-05,0.5754903733483354,0.0
183,-9.142674433779305,"[0.2210113059542393, -0.24682888247351076, -0.19892099688315157, 899.4588747754892]",29.225880815068376,-1.843717463038757e-05,0.5890075331053295,0.0
184,-9.037457490791073,"[-0.653925307564964, -0.23343249122917087, 0.3995234829403361, 900.094633990979]",29.225880815068376,3.4032364972736056e-05,0.5784441273512155,0.0
185,-9.10007095878208,"[0.4655392359112101, -0.1587210752564136, -0.017109136736275336, 899.8897684576233]",29.225880815068376,0.00011318224205713912,0.5814127442837331,0.0
186,-9.339779233398241,"[0.5075277629953493, 0.5330407438772738, 0.19955494495774168, 900.4469195321174]",29.225880815068376,-8.794659789778007e-05,0.6021687171895638,0.0
187,-9.105799370983831,"[-0.3901381170576925, 0.49734525515705463, -0.11409313007590871, 900.128745481538]",29.225880815068376,3.1679033697786567e-06,0.5845354643262995,0.0
188,-8.796233342277247,"[0.0046331156903895165, 0.059039336021007326, -0.6043605715433394, 900.1771372692904]",29.225880815068376,1.4023956746206341e-05,0.5643306887579235,0.0
189,-8.954766620207167,"[-0.08298686610467568, 0.4333335044184598, 0.4069606700316734, 899.8743460013055]",29.225880815068376,1.1712084476242429e-05,0.5761264320097564,0.0
190,-8.963566478305804,"[-0.20306036897661073, -0.24491067448691312, 0.17019055102276967, 899.9756813806177]",29.225880815068376,3.2784215150084566e-05,0.5738359602231664,0.0
191,-9.149491308128148,"[-0.34625689809106547, 1.168023739782257, -0.19738696345560625, 899.6320238886279]",29.225880815068376,-4.781850592321627e-05,0.5860461404222282,0.0
192,-8.835197265769178,"[0.3328382979739445, 0.7534529370239714, -0.3326830133707597, 900.1395202421751]",29.225880815068376,-0.0008561338162026292,0.5662704431029372,0.0
193,-9.164935264722443,"[-0.2404777837405805, 0.2206601298221359, -0.3777724633337395, 899.3763382293071]",29.225880815068376,-1.177146712344375e-05,0.5875435185724337,0.0
194,-9.149952600867659,"[0.36639861217824127, 0.2466529463023246, -0.02059331139072751, 900.9157258470048]",29.225880815068376,-1.0866383439045867e-05,0.5885323978392166,0.0
195,-9.240740587550652,"[-0.19538474346880816, -0.46254567961630066, -0.3224878824815026, 899.8372568862526]",29.225880815068376,3.483418314281997e-05,0.5945374881085465,0.0
196,-9.034211315441976,"[0.0692250233457069, 0.7284245456730287, 0.059042307180668996, 900.1916182605553]",29.225880815068376,-0.0013207308740165685,0.5789023896744557,0.0
197,-9.443696240438687,"[-0.6136982494153896, 1.126175327769337, -0.5750957354508213, 900.6261151359153]",29.225880815068376,-0.0002938493453315805,0.6053218186269487,0.0
198,-64.915539575192,"[-0.11023440921477483, 0.5054401155693817, 0.2568058404715204, 900.0263963011498]",29.225880815068376,-8.193764573438914,0.5396826377441929,0.0
199,-8.963634484598332,"[0.07351472289859415, 0.4123760735689487, -0.2665184897875649, 899.2435565920149]",29.225880815068376,-2.4906122398786526e-05,0.575106342759023,0.0
200,-9.234204571537362,"[0.22585729292008538, 0.3081784184827448, 0.28789331725609074, 900.2585060813344]",29.225880815068376,9.988077286006652e-06,0.5936277636805493,0.0
