time,x,y,z,phi,theta,psi,x_velocity,y_velocity,z_velocity,phi_velocity,theta_velocity,psi_velocity,rotor_speed1,rotor_speed2,rotor_speed3,rotor_speed4
0.06,-1.1153108229808672e-07,-1.0090234001207234e-07,10.008536713388363,6.283042563012957,6.28274764999137,0.0,1.5651000789568677e-05,-1.1968491917074106e-05,0.28452929581293945,-0.007621682374425774,-0.028790627483732283,0.0,492.9429703678815,490.811294242195,492.3661218072194,491.8020746054397
0.12000000000000001,1.6720843173523063e-05,-5.831095024525428e-06,10.030037661424213,6.282598406751569,6.281626117352527,0.0,0.0006950402424650523,-0.0002281798131446658,0.43212393176030145,-0.006967997259337496,-0.003730345631940024,0.0,450.13818204566394,452.1612402703264,452.53234166805834,452.5850622391238
0.18,9.526271131841854e-05,-3.2412199343410696e-05,10.061324690205494,0.0003161051874691623,6.281406068581369,0.0,0.0019481167369373915,-0.0006090200832006014,0.6106981158335791,0.04039364350799372,-0.0035420350316753067,0.0,461.4885756629616,461.503508451284,459.391258697542,463.13093825496054
0.23999999999999996,0.0002471654675441151,-5.428223694137248e-05,10.099516615494977,0.0027089622915514866,6.281000433714581,0.0,0.003143683360982948,0.0001084267462813862,0.6623368825489715,0.03883561631737551,-0.014132505025264497,0.0,421.355594108646,420.43926698708356,422.51840880224233,422.3849867805446
0.3,0.0004919033019622812,3.0620625883019275e-05,10.146381894442372,0.0054487791019317555,6.281204151285992,0.0,0.005037358329955525,0.0030345394895446836,0.8996813389568791,0.056666513425908435,0.02541712480773134,0.0,477.39970287184934,480.40753476738564,478.38012599599523,479.73677994032
0.36000000000000004,0.0008286329392623408,0.0003369007134400485,10.203109541462277,0.009036600630940583,6.282912725876432,0.0,0.006023333051028458,0.007526965883096548,0.9911628738211256,0.06541734034948037,0.033982218005885564,0.0,433.4705581142861,434.1898835319748,435.8567049716621,436.58992908370544
0.4200000000000001,0.0011879422377805596,0.0009899479220954774,10.265554121822039,0.012932758632846486,0.0014739213678245378,0.0,0.005758373145058988,0.014638762871806595,1.0902293014892592,0.06395589618404426,0.01694309803079809,0.0,437.83821512667396,436.41873780396173,438.1674538411779,438.0491272798745
0.48000000000000015,0.0014930999568846307,0.002200060251897377,10.337635265421943,0.016524140553928035,0.002351808901189578,0.0,0.0042996478090783444,0.02614306526669931,1.3122406414960035,0.050049815370820885,0.009553258165162512,0.0,475.1204361449195,474.55347722106893,476.19092531802534,475.1283329000346
0.5400000000000001,0.0017019043261632114,0.00411077959373172,10.418745822148162,0.01936971074160443,0.002781618679063236,0.0,0.0026106361781634037,0.03783578378632482,1.391345935410179,0.04158341185310018,0.0018951003822198337,0.0,432.67975191616074,432.0344997758809,431.9610459506645,431.24798431403576
0.6000000000000002,0.0017966670621641615,0.006820028763084451,10.506673990828121,0.022371456441938165,0.002635102648036458,0.0,0.0005484338870522407,0.05277280513529658,1.539398722488983,0.06306874842511989,-0.012954125285679463,0.0,454.3896360825011,453.1978245235398,453.0215492803771,454.74715194438477
0.6600000000000003,0.001765917204679235,0.010571988912370855,10.606761419405592,0.025857440341933824,0.0013405485159818653,0.0,-0.0014576081593029953,0.07274237388881491,1.7964700594867193,0.045633153090053204,-0.05067076226741725,0.0,488.7020302094945,485.8826782057994,486.3626754549622,485.0571500141069
0.7200000000000003,0.0016619030076004556,0.0154960804752152,10.718099485274411,0.028889786345922985,6.281550083994333,0.0,-0.001694502948262784,0.09169237274940617,1.914599386576363,0.05888454280559242,-0.04752999654831744,0.0,445.64664472058115,445.90174488574377,445.35158048183604,446.4356457316486
0.7800000000000004,0.0016111941272446623,0.021696062353609054,10.83895477358604,0.0323811438759849,6.278867519817176,0.0,0.00032569654105687833,0.11537287753021483,2.113549547338128,0.05676183971098387,-0.039594580499487,0.0,469.80052747730446,470.4143277861496,471.5910153028245,471.42917325818644
0.8400000000000004,0.0017354968381068428,0.029346736750023316,10.970166931570901,0.03578324418762335,6.276706417195429,0.0,0.004062530141366182,0.1400105639928475,2.259895821090357,0.05658111381660826,-0.02968570092538691,0.0,455.22578474570435,456.01738869819195,455.8967931128386,455.8844638643673
0.9000000000000005,0.002103289299458286,0.03841023384883866,11.10630484675241,0.03908985872427717,6.274879906988939,0.0,0.008359146702242094,0.16240553033303362,2.2779844040541737,0.05199441455207984,-0.031998397241119456,0.0,414.8348072539506,414.631306486037,416.21253790773926,415.81319470288776
0.9600000000000005,0.002821451562908921,0.04914832000209225,11.25034554707517,0.04284855397867382,6.273162294550119,0.0,0.015798890410063448,0.19594129639396693,2.522842320525114,0.07821073686938826,-0.022618074212308957,0.0,484.32636418720926,485.03115466552083,485.6169631881498,487.58174750610254
1.0200000000000005,0.003975091132223806,0.06178312438572259,11.404141117616556,0.04768011351000556,6.272453637249491,0.0,0.022750539664405912,0.225682611396888,2.6034703734349316,0.08479273643731941,0.003929581081466769,0.0,435.50465125589756,437.7195492400649,437.3645296863853,437.9176889400815
1.0800000000000005,0.005514637346972029,0.07611740870252745,11.558993166325916,0.05328396591624518,6.272524291124945,0.0,0.028555837050917764,0.2525647126015145,2.5583412115748914,0.1066245413263098,-0.004989862202711626,0.0,396.48693177641087,395.6665999651404,393.81853758109094,395.84108568415087
1.1400000000000006,0.007425644648092746,0.09227528751079574,11.713256340605103,0.05992928990803481,6.272288632729037,0.0,0.03516801509846595,0.286621104657894,2.5836681972531337,0.11794282832793256,-0.0018834965439397744,0.0,419.20419845895924,419.47411044543435,419.00931694230127,420.00368636856416
1.2000000000000006,0.009769900891128383,0.11078402835629542,11.872018342112431,0.06707949081400422,6.27197222522922,0.0,0.042992206453329664,0.33106903443274516,2.70805608037694,0.12151570246319221,-0.013102613770621645,0.0,452.0648552768916,451.1600317928005,451.04940735665525,451.35039186014626
1.2600000000000007,0.012610918593358493,0.13222164094948727,12.039812439949525,0.07459153887317882,6.271209940058926,0.0,0.05179124761539532,0.3843260324885221,2.8845802821189177,0.13169979046281316,-0.01192068578116121,0.0,467.6145492644769,467.7067387665758,467.88894264419474,468.6944353772351
1.3200000000000007,0.01594776203627485,0.1567194557467955,12.214114530274246,0.08285623890056382,6.270165165867148,0.0,0.059514657104494245,0.4330128355269894,2.925313000059151,0.14769207224590222,-0.03163521111673491,0.0,427.4077454542343,425.7242052871543,425.95359827808846,427.3372867983281
1.3800000000000008,0.019836425647041783,0.18470374939071824,12.395649140604904,0.09165598800215324,6.268067630686092,0.0,0.07033301163190513,0.5007796109669906,3.125203405887185,0.1445221309220808,-0.04260812099853118,0.0,475.84829247762343,475.007101691193,477.36191249278176,477.1384842584874
1.4400000000000008,0.024360230598165406,0.2165713516108295,12.584992227915947,0.10007600121236848,6.266472685029175,0.0,0.08064712890181283,0.5622768501302555,3.1859623998461517,0.13027613336974053,-0.005815957685477784,0.0,433.68790263258,436.7669015440829,435.1583292789429,433.98281329955887
1.5000000000000009,0.029485128110620807,0.2520333021554793,12.775452784483166,0.10784304032393077,6.266025942278258,0.0,0.09021671621600624,0.6204416302323035,3.1626976644740554,0.1277482347001336,-0.010922607812702169,0.0,407.8011511191923,407.34483171750975,407.57821797858173,407.36922608940625
1.560000000000001,0.03522007462508471,0.29128845587403224,12.966077418706975,0.11575457846420711,6.265371424450706,0.0,0.10100641214871085,0.6887600338099097,3.1912695773795776,0.13901455280860353,-0.010880690610893605,0.0,425.3494900827213,425.3531988039586,424.2974015304107,425.2803194994548
1.620000000000001,0.041717325476801556,0.33546007785548193,13.164084694799417,0.12384463762191622,6.264595543794233,0.0,0.11564180662431377,0.784525069785662,3.4081903841429053,0.1248006357335298,-0.017385141520926,0.0,483.8286403428514,483.33880576232673,484.4076719507892,483.35265433305085
1.680000000000001,0.04902642292056943,0.3849961026603344,13.370537116645709,0.1308541872785458,6.264151749286391,0.0,0.1280576417420431,0.8673491275559857,3.4732291897386833,0.09184692298997887,0.00744354392893525,0.0,438.1883005227219,440.24764286635957,440.2172701195919,437.4936628263873
1.740000000000001,0.05715881603453731,0.440149289466302,13.584788126560944,0.13656785614711975,6.26497037758681,0.0,0.14293261622588507,0.9716450535110329,3.6677280303710638,0.10124834819991782,0.023811548537665074,0.0,478.6206289703392,479.8646734310977,479.22067834611335,479.9417401370792
1.8000000000000012,0.0660834862765032,0.5011134492877993,13.806494772989428,0.14279499899755788,6.267063078345686,0.0,0.154376550027602,1.0610377527037644,3.7221887531888447,0.10842701946905602,0.05089548604660702,0.0,436.33216637278264,438.5880518455743,438.0820652631444,438.68811868076057
1.8600000000000012,0.07558673626794736,0.5669872543261462,14.027499822941383,0.14918855224665606,6.270031320409455,0.0,0.16217024629300852,1.1352623669899524,3.6447873648734195,0.10253801050142397,0.04645809336614657,0.0,394.0099207224184,393.6012923176003,394.19758539821953,393.66450765779166
1.9200000000000013,0.08556225407865381,0.6380022585805222,14.247762453391474,0.15480636120315694,6.272798087443565,0.0,0.17007666749100367,1.2324260535589568,3.696990347420004,0.062423335795137425,0.045413290433197584,0.0,438.27097237349886,438.1854047409302,438.6440514658032,435.3067377348527
1.9800000000000013,0.09596746513025851,0.7150866219837219,14.472061460727582,0.15836840170643107,6.275636515184733,0.0,0.17647953090250867,1.3373441788136808,3.7792576270693603,0.052425222036142936,0.05084752880499765,0.0,447.3939499794812,447.8375393116832,448.46105944446515,447.65058647871047
2.0400000000000014,0.10670456853152861,0.7987038907308566,14.702362132280197,0.16165917714371947,6.27923845449029,0.0,0.18106261713228364,1.4501365609461758,3.8969144336909647,0.05929342942384996,0.07394829238897106,0.0,458.39245218173977,460.2269470743398,459.7742173857561,460.31997486672435
2.1000000000000014,0.11763143508970778,0.8890098008718974,14.938825362626039,0.16491017787312678,7.442825170222989e-05,0.0,0.18272851480650673,1.5603159239026416,3.984763217352698,0.0412567369084738,0.04722498830920212,0.0,452.61115255250525,450.4582285306681,452.21106678851675,450.75755529163763
2.1600000000000015,0.128581537794394,0.9859369823408669,15.180276116174165,0.16714537157989895,0.0029888777624442753,0.0,0.1819863919060185,1.6707341580772985,4.063207027754243,0.02772166827929536,0.0511436486821719,0.0,449.4455153684929,449.7644482319634,449.83647618180777,448.73962295559824
2.2200000000000015,0.13942933342098734,1.0894052658589228,15.425721776192105,0.16890936855339067,0.006252326301572353,0.0,0.1793003495362979,1.7782905931652027,4.118020441634537,0.032560824372417134,0.060199388499904104,0.0,441.54453192875167,442.2930295443757,443.38510080450646,443.78278688079416
2.2800000000000016,0.15005528196063497,1.1992319186515334,15.673720952698037,0.17226660435099994,0.00973533924951564,0.0,0.17456812167043217,1.8827908268119242,4.1483895356015585,0.08219724699525878,0.05336450785937089,0.0,435.3746325272515,434.804744379881,433.855075308758,438.0049305984883
2.3400000000000016,0.16034195690332995,1.315241651236332,15.922671130002106,0.17755158881585054,0.012769097389862871,0.0,0.168044213326164,1.9845962562715116,4.149782783787472,0.09781495316529651,0.044272135563604015,0.0,426.1555347204195,425.37927054404736,426.6315588482538,427.96978239229037
2.4000000000000017,0.1701812298195246,1.4374877541940914,16.171906337039786,0.18322635113523145,0.015613686365794521,0.0,0.15968540271618592,2.090723282256346,4.157841533099464,0.08716907235265907,0.05304228665350259,0.0,428.4224197534438,429.1689735388735,429.94439597306945,429.04927085652827
2.4600000000000017,0.1794007326663153,1.5669266609197146,16.425545119244752,0.18870487470165997,0.018694677139469817,0.0,0.14729880838626588,2.224319660186011,4.2960305683375095,0.09851070003489931,0.04773117447817275,0.0,470.1886958639459,469.7785395952479,471.0958859155965,471.97854781467976
2.520000000000002,0.18789378393927753,1.7036666372509666,16.68314249992447,0.1940994138760761,0.0219870778223763,0.0,0.13553138247314378,2.3341141468790814,4.290367161812048,0.06099207152029299,0.06628435765634885,0.0,426.10008687334795,427.6855191935755,428.1322319251539,424.93420761270113
2.580000000000002,0.19548802103735688,1.848185818096322,16.946034125205987,0.19725743705089993,0.02596324260879701,0.0,0.11716765098089775,2.4833654974199266,4.4717504161776445,0.025322263374862167,0.06623952240341686,0.0,485.8448890997632,485.84438020994753,486.6097117533403,483.9332764542248
2.640000000000002,0.20209314874258744,2.000192092436964,17.212206226426478,0.19839177708187883,0.030201136145224794,0.0,0.10267553012493202,2.583588279954747,4.40083794342869,0.0012409543974236346,0.07821603017635084,0.0,406.43553218117586,407.51195120136055,407.6414359187955,405.4834831744961
2.700000000000002,0.20764462932946678,2.1589380005585994,17.47773912189116,0.19811153597808318,0.03531677382985077,0.0,0.08190818940098125,2.707797677864122,4.449961060896554,-0.020395773440544697,0.09654284783757554,0.0,445.49927062409324,447.0012715696969,447.65789824455254,445.89363893134606
2.760000000000002,0.21163667945032447,2.326245856692256,17.751880836960144,0.1975085073459102,0.040947552306271895,0.0,0.050489344306960685,2.8687136170539373,4.686987357448164,0.005186353238526679,0.08782399952519086,0.0,503.87754203084296,503.2530739310346,502.7213054072512,504.5718396210628
2.820000000000002,0.2140546179523482,2.5010716226255267,18.02969894974851,0.19827789109605654,0.04593883610728877,0.0,0.02972126771879361,2.9588488707859852,4.574015217340597,0.024868139519415938,0.07177733233963611,0.0,395.82944035210875,394.35616834140666,393.28318990481233,395.1022328183035
2.880000000000002,0.21498110054516842,2.6820424704483417,18.304416388194987,0.19969664474266136,0.049897846112122224,0.0,0.0007934594762837067,3.073525376995142,4.5830560931421696,0.02108226042848124,0.05070081669400241,0.0,437.13339448709877,435.3764675854465,435.47887691872046,435.162105942749
2.940000000000002,0.21407257259095572,2.8700268549662953,18.580283683908263,0.20219502572677595,0.05266288485379622,0.0,-0.031335829591496556,3.19267028165105,4.61223556947659,0.06596244972262519,0.034727352534061645,0.0,443.47833106447894,442.16537326412504,440.80129166167364,444.4959059630403
3.000000000000002,0.21098156292798778,3.0659790779638594,18.86169547327523,0.20586914630205477,0.05467460785635936,0.0,-0.0718793908168339,3.339233976243803,4.76722296490206,0.049537897502119455,0.031017229453599412,0.0,482.56138721401527,482.28155659154163,482.8969886475392,481.6585730743498
3.0600000000000023,0.20576022730193444,3.2694953586504014,19.146229314190347,0.2089191798595884,0.0563977038559047,0.0,-0.10231422899000851,3.444810162672368,4.717288205095466,0.053306611842795476,0.023671479980118555,0.0,418.93043941053713,418.291393319667,419.4990705002304,419.8280614209079
3.1200000000000023,0.19867593998716027,3.4794149685038023,19.42793581522576,0.2119940712888697,0.057519977991100646,0.0,-0.13393642969258895,3.552680608194566,4.6729455602350205,0.046777717820716054,0.0062391663213608615,0.0,421.62439859521515,420.1153160489806,421.2984758436873,420.7353193237462
3.1800000000000024,0.18942196308334294,3.6967780418633707,19.711337345268756,0.21516351979806458,0.05753695215901988,0.0,-0.17451486146601528,3.692827835686438,4.7731008775366925,0.06277931136833528,-0.015608077926338334,0.0,468.90311038644876,467.20258796838675,466.52226992465586,467.7718425928334
3.2400000000000024,0.17775466788924008,3.922539416682495,20.00046321031485,0.21954090167526097,0.05628732618506582,0.0,-0.21424746620652493,3.8327354555328528,4.863751948396748,0.08800051853941403,-0.03411957337774152,0.0,466.63163436737835,465.1840841804489,465.2971003802304,467.27140049329444
3.3000000000000025,0.16380703285511883,4.15648296217636,20.293732043816437,0.22455150766832155,0.05471509871351721,0.0,-0.25047624697541976,3.9656777407977115,4.911365600176359,0.0725453805738377,-0.013811167435048316,0.0,452.6663966263862,454.2977925635845,455.3359164510027,454.1030527214142
3.3600000000000025,0.14781489596074698,4.398058142222373,20.58802014475942,0.22933478435954235,0.053930283126291556,0.0,-0.28251625596103924,4.087084958864043,4.89804282687518,0.09117371152182133,-0.011657144137178941,0.0,435.47713759607745,435.65742924629114,434.5502259569249,436.11439287837567
3.4200000000000026,0.1298022146523705,4.647454870411519,20.883507170905165,0.23528656462856734,0.053642222161804476,0.0,-0.3178333270029616,4.226467083742893,4.950934590751407,0.11171479480409627,0.006241961209780773,0.0,456.67864678631577,458.1044629215875,456.4215670964646,458.0662598416421
3.4800000000000026,0.1096158735645852,4.905560650870175,21.183176112844198,0.24196754500595308,0.053702985790486046,0.0,-0.3550312309272263,4.3774568590215175,5.037200587054567,0.11060991625952239,-0.012316851814920364,0.0,469.2386055326508,467.79541933071766,469.55942505646397,469.4839485783715
3.5400000000000027,0.08744187000905965,5.171756004076856,21.48362602204874,0.24826665642707368,0.052524846236617684,0.0,-0.384033580542118,4.496133667617623,4.977750593679356,0.09031450644221312,-0.04124480679614016,0.0,424.5991564196714,422.10943832413153,424.61017981726314,422.875112762424
3.6000000000000028,0.06339773369925512,5.445876356150755,21.783363919589288,0.2538041945276115,0.04977313704884967,0.0,-0.4171692559598103,4.641484514118765,5.012988127319351,0.09597786801615153,-0.057218861409539,0.0,455.29524835513257,454.0139094647054,454.8445982750068,455.3049591653532
3.660000000000003,0.03736426677607631,5.729091122747314,22.086324761657796,0.25942320774969563,0.046154275413375245,0.0,-0.45022834301775727,4.79926970763379,5.084958732257614,0.08853721789091777,-0.06735926416275007,0.0,468.47896088827,467.68726175154933,467.29835234779716,466.72480715204165
3.720000000000003,0.009379944575598757,6.022098601513239,22.394491676910345,0.2642931886030535,0.042306404823726496,0.0,-0.48213282172878336,4.9678189911721615,5.186359064612526,0.05932514232025749,-0.058353689489801165,0.0,476.6234892345806,477.30866389179397,480.3871155990539,478.1710111863958
3.780000000000003,-0.02011986254429361,6.323272004303202,22.701311439871763,0.2675580725094413,0.039868021177517754,0.0,-0.501029296393954,5.071510851164765,5.0414968238504505,0.042136219318511525,-0.01847363915806058,0.0,395.8501289494347,399.5025247335194,399.59223652855655,398.0240693500075
3.840000000000003,-0.0507698536539739,6.630968488872042,23.000507127351113,0.2696522374547623,0.03886675985798149,0.0,-0.5205775753881382,5.185131482637054,4.932049668777992,0.01370217314721764,-0.013335957970849625,0.0,409.24345716959607,409.7006790431032,411.24182705082217,408.71538487516915
3.900000000000003,-0.08264946824917017,6.945952967961416,23.294881858702958,0.27032175476028186,0.03821906725322499,0.0,-0.5420229085750929,5.314236079557015,4.8805434718763525,0.005512646588712474,-0.006143799108673567,0.0,428.70779838553506,429.3187285631862,429.2718854257162,428.57610758736297
3.960000000000003,-0.11589886442151066,7.2692971936307735,23.588497465849393,0.2706565226213584,0.03782504386627572,0.0,-0.5662439086258994,5.463637550871724,4.906345735167522,0.005712772340507805,-0.007427331670093756,0.0,453.0080612767053,452.9049254323138,455.5071398985435,455.523049481962
4.020000000000002,-0.150599343842658,7.601605925192299,23.88379844271099,0.27059116563985874,0.03726455484329971,0.0,-0.5903804255570957,5.613027451889656,4.936703642202128,-0.020358635829786753,-0.01347457989624887,0.0,456.29330314790593,455.810305602413,457.64056490960655,455.56022754361123
4.080000000000001,-0.18673298455102844,7.94280077287883,24.180837105376998,0.2690870789081181,0.036131266571438836,0.0,-0.6139777678285702,5.759695300084811,4.964357608093401,-0.03671503899590327,-0.03283906859171269,0.0,457.33177031796725,455.7864487280644,456.200477045474,454.8921627234783
4.14,-0.22417189041325228,8.292080534509449,24.47724263753549,0.26671652688600744,0.03407840807773521,0.0,-0.6338309278150493,5.882575869224657,4.916067479276446,-0.04578085159799868,-0.03711666376033207,0.0,432.184719469331,431.8234218861625,431.49153899363534,430.7244727971108
4.199999999999998,-0.26286155180616727,8.649372773077884,24.773447833862548,0.2637921847381861,0.03175892514172851,0.0,-0.6556011794086937,6.026558443610462,4.957228002169049,-0.05542893285501955,-0.04193336078505644,0.0,459.87920985295347,459.4967579575708,461.10444245250073,460.34006130555343
4.259999999999997,-0.3027697892812729,9.014839861844731,25.070828027328183,0.260966402265729,0.029123158715673725,0.0,-0.6744482192079732,6.1551349571455525,4.955485559536622,-0.03419377334738684,-0.04825318055157011,0.0,445.85236571418403,445.3345168426347,447.27121636140623,448.9962738776882
4.319999999999996,-0.34365441097783345,9.386960739656146,25.364511151382956,0.25942989088883106,0.025975844924504443,0.0,-0.6881838247668073,6.248678053331956,4.834595856707471,-0.012398739054420934,-0.06256181517791753,0.0,407.14551513594716,405.8608285759624,404.97497578177206,406.93092149345114
4.379999999999995,-0.3854649676315836,9.766122616272902,25.65658977115983,0.25942549236175694,0.021840734088064195,0.0,-0.7051102734858151,6.3896590113888125,4.900913942283515,0.017252117978627073,-0.08633203520759891,0.0,468.4304415247736,466.5743647385394,465.6475962968121,467.9618806886409
4.439999999999993,-0.4281600814084003,10.153158181581777,25.950603145961036,0.26054831974624193,0.016522020741966514,0.0,-0.7176020506790507,6.511363005721468,4.899402916222107,0.021487448691998843,-0.09372343569985414,0.0,446.2069470024103,445.5964469124377,447.1207253792713,447.46566582227604
4.499999999999992,-0.4715428877699776,10.548023119167297,26.246593553928754,0.261707260270752,0.010665120463014155,0.0,-0.7279267956441964,6.650557713094647,4.966418683984966,0.014574186785193902,-0.10682088869577297,0.0,468.45578869005107,467.4282698834218,469.6162114336249,469.0794848939165
4.559999999999991,-0.5154064069131407,10.950654249170446,26.54451219318312,0.2622715830544955,0.004185305565873598,0.0,-0.7336319691621214,6.770280940433244,4.9640976707653675,-0.0037220941357926467,-0.1104570426854786,0.0,447.0657461309817,446.7591068918995,449.2780156645639,447.7916778119568
4.6199999999999894,-0.5595079381960869,11.361269428891465,26.845427993111816,0.26304548366449065,6.280988119968519,0.0,-0.7357527668614384,6.916502356675465,5.065738370083204,0.03417277657548602,-0.09926142532751754,0.0,480.436209346968,481.2754521682596,478.6712451795627,481.5469813341953
4.679999999999988,-0.6036125697781526,11.78018618559072,27.15077751237738,0.2655330278567547,6.275311996205044,0.0,-0.7338591051537796,7.047266283430482,5.112094851068821,0.05305666852256282,-0.0866211323742373,0.0,464.26970365936444,465.2533913493692,464.5140319101499,465.993673762938
4.739999999999987,-0.6475222401871353,12.20623730742564,27.456261722493142,0.2687004986498467,6.270185506497764,0.0,-0.7293813727292824,7.154495129621288,5.0707027023454,0.05225504906163067,-0.0831822995320238,0.0,437.6077142453924,437.88781920994074,437.876163113133,437.81131792981085
4.799999999999986,-0.6910722020384471,12.638898352808596,27.759858154883002,0.2721075644335027,6.2657395698452305,0.0,-0.7218950741273882,7.267577487764391,5.04903696966664,0.0645749984625419,-0.06030318279425972,0.0,443.37872635835777,445.2504034575209,443.8686653669195,444.8810038275645
4.859999999999984,-0.7341054700500002,13.078309023512583,28.061955013645903,0.2760472855771896,6.262568493096264,0.0,-0.7122705447622764,7.379538009674949,5.020714386656924,0.06775096461189305,-0.041043543510685766,0.0,441.666465931884,443.2505248518588,442.4336779055601,442.6983589858559
4.919999999999983,-0.7764743888860688,13.524939914029904,28.364018154712852,0.28095961996033303,6.25993244001951,0.0,-0.6998040432825277,7.508246131555426,5.047524717914572,0.10092848390907994,-0.05045124631040993,0.0,461.9562352710556,461.2125956267808,458.49667133356184,461.1304890370309
4.979999999999982,-0.8180440150365713,13.979358691582856,28.66769847166948,0.2869442060695828,6.257061841631012,0.0,-0.6855935221951154,7.639261334636967,5.074521641999394,0.09726226424057813,-0.043081645007502084,0.0,461.3433212485937,461.92368012285635,462.49414394702217,462.213367782622
5.0399999999999805,-0.8587731063887294,14.441026017266152,28.97066634432141,0.2925281411443281,6.2541394408966475,0.0,-0.671826890432381,7.7498969701210525,5.024272670264117,0.08297912167092383,-0.06338835148604335,0.0,439.64617087277503,437.95833435958195,438.13954061029506,436.9574853240502
